201  crystal
0.500000  0.500000  0.500000  0.004975124378109 ! 
0.490000  0.490000  0.490000  0.004975124378109
0.480000  0.480000  0.480000  0.004975124378109
0.470000  0.470000  0.470000  0.004975124378109
0.460000  0.460000  0.460000  0.004975124378109
0.450000  0.450000  0.450000  0.004975124378109
0.440000  0.440000  0.440000  0.004975124378109
0.430000  0.430000  0.430000  0.004975124378109
0.420000  0.420000  0.420000  0.004975124378109
0.410000  0.410000  0.410000  0.004975124378109
0.400000  0.400000  0.400000  0.004975124378109
0.390000  0.390000  0.390000  0.004975124378109
0.380000  0.380000  0.380000  0.004975124378109
0.370000  0.370000  0.370000  0.004975124378109
0.360000  0.360000  0.360000  0.004975124378109
0.350000  0.350000  0.350000  0.004975124378109
0.340000  0.340000  0.340000  0.004975124378109
0.330000  0.330000  0.330000  0.004975124378109
0.320000  0.320000  0.320000  0.004975124378109
0.310000  0.310000  0.310000  0.004975124378109
0.300000  0.300000  0.300000  0.004975124378109
0.290000  0.290000  0.290000  0.004975124378109
0.280000  0.280000  0.280000  0.004975124378109
0.270000  0.270000  0.270000  0.004975124378109
0.260000  0.260000  0.260000  0.004975124378109
0.250000  0.250000  0.250000  0.004975124378109
0.240000  0.240000  0.240000  0.004975124378109
0.230000  0.230000  0.230000  0.004975124378109
0.220000  0.220000  0.220000  0.004975124378109
0.210000  0.210000  0.210000  0.004975124378109
0.200000  0.200000  0.200000  0.004975124378109
0.190000  0.190000  0.190000  0.004975124378109
0.180000  0.180000  0.180000  0.004975124378109
0.170000  0.170000  0.170000  0.004975124378109
0.160000  0.160000  0.160000  0.004975124378109
0.150000  0.150000  0.150000  0.004975124378109
0.140000  0.140000  0.140000  0.004975124378109
0.130000  0.130000  0.130000  0.004975124378109
0.120000  0.120000  0.120000  0.004975124378109
0.110000  0.110000  0.110000  0.004975124378109
0.100000  0.100000  0.100000  0.004975124378109
0.090000  0.090000  0.090000  0.004975124378109
0.080000  0.080000  0.080000  0.004975124378109
0.070000  0.070000  0.070000  0.004975124378109
0.060000  0.060000  0.060000  0.004975124378109
0.050000  0.050000  0.050000  0.004975124378109
0.040000  0.040000  0.040000  0.004975124378109
0.030000  0.030000  0.030000  0.004975124378109
0.020000  0.020000  0.020000  0.004975124378109
0.010000  0.010000  0.010000  0.004975124378109
0.000000  0.000000  0.000000  0.004975124378109 ! 
0.010000  0.000000  0.010000  0.004975124378109
0.020000  0.000000  0.020000  0.004975124378109
0.030000  0.000000  0.030000  0.004975124378109
0.040000  0.000000  0.040000  0.004975124378109
0.050000  0.000000  0.050000  0.004975124378109
0.060000  0.000000  0.060000  0.004975124378109
0.070000  0.000000  0.070000  0.004975124378109
0.080000  0.000000  0.080000  0.004975124378109
0.090000  0.000000  0.090000  0.004975124378109
0.100000  0.000000  0.100000  0.004975124378109
0.110000  0.000000  0.110000  0.004975124378109
0.120000  0.000000  0.120000  0.004975124378109
0.130000  0.000000  0.130000  0.004975124378109
0.140000  0.000000  0.140000  0.004975124378109
0.150000  0.000000  0.150000  0.004975124378109
0.160000  0.000000  0.160000  0.004975124378109
0.170000  0.000000  0.170000  0.004975124378109
0.180000  0.000000  0.180000  0.004975124378109
0.190000  0.000000  0.190000  0.004975124378109
0.200000  0.000000  0.200000  0.004975124378109
0.210000  0.000000  0.210000  0.004975124378109
0.220000  0.000000  0.220000  0.004975124378109
0.230000  0.000000  0.230000  0.004975124378109
0.240000  0.000000  0.240000  0.004975124378109
0.250000  0.000000  0.250000  0.004975124378109
0.260000  0.000000  0.260000  0.004975124378109
0.270000  0.000000  0.270000  0.004975124378109
0.280000  0.000000  0.280000  0.004975124378109
0.290000  0.000000  0.290000  0.004975124378109
0.300000  0.000000  0.300000  0.004975124378109
0.310000  0.000000  0.310000  0.004975124378109
0.320000  0.000000  0.320000  0.004975124378109
0.330000  0.000000  0.330000  0.004975124378109
0.340000  0.000000  0.340000  0.004975124378109
0.350000  0.000000  0.350000  0.004975124378109
0.360000  0.000000  0.360000  0.004975124378109
0.370000  0.000000  0.370000  0.004975124378109
0.380000  0.000000  0.380000  0.004975124378109
0.390000  0.000000  0.390000  0.004975124378109
0.400000  0.000000  0.400000  0.004975124378109
0.410000  0.000000  0.410000  0.004975124378109
0.420000  0.000000  0.420000  0.004975124378109
0.430000  0.000000  0.430000  0.004975124378109
0.440000  0.000000  0.440000  0.004975124378109
0.450000  0.000000  0.450000  0.004975124378109
0.460000  0.000000  0.460000  0.004975124378109
0.470000  0.000000  0.470000  0.004975124378109
0.480000  0.000000  0.480000  0.004975124378109
0.490000  0.000000  0.490000  0.004975124378109
0.500000  0.000000  0.500000  0.004975124378109 ! 
0.497500  0.007500  0.505000  0.004975124378109
0.495000  0.015000  0.510000  0.004975124378109
0.492500  0.022500  0.515000  0.004975124378109
0.490000  0.030000  0.520000  0.004975124378109
0.487500  0.037500  0.525000  0.004975124378109
0.485000  0.045000  0.530000  0.004975124378109
0.482500  0.052500  0.535000  0.004975124378109
0.480000  0.060000  0.540000  0.004975124378109
0.477500  0.067500  0.545000  0.004975124378109
0.475000  0.075000  0.550000  0.004975124378109
0.472500  0.082500  0.555000  0.004975124378109
0.470000  0.090000  0.560000  0.004975124378109
0.467500  0.097500  0.565000  0.004975124378109
0.465000  0.105000  0.570000  0.004975124378109
0.462500  0.112500  0.575000  0.004975124378109
0.460000  0.120000  0.580000  0.004975124378109
0.457500  0.127500  0.585000  0.004975124378109
0.455000  0.135000  0.590000  0.004975124378109
0.452500  0.142500  0.595000  0.004975124378109
0.450000  0.150000  0.600000  0.004975124378109
0.447500  0.157500  0.605000  0.004975124378109
0.445000  0.165000  0.610000  0.004975124378109
0.442500  0.172500  0.615000  0.004975124378109
0.440000  0.180000  0.620000  0.004975124378109
0.437500  0.187500  0.625000  0.004975124378109
0.435000  0.195000  0.630000  0.004975124378109
0.432500  0.202500  0.635000  0.004975124378109
0.430000  0.210000  0.640000  0.004975124378109
0.427500  0.217500  0.645000  0.004975124378109
0.425000  0.225000  0.650000  0.004975124378109
0.422500  0.232500  0.655000  0.004975124378109
0.420000  0.240000  0.660000  0.004975124378109
0.417500  0.247500  0.665000  0.004975124378109
0.415000  0.255000  0.670000  0.004975124378109
0.412500  0.262500  0.675000  0.004975124378109
0.410000  0.270000  0.680000  0.004975124378109
0.407500  0.277500  0.685000  0.004975124378109
0.405000  0.285000  0.690000  0.004975124378109
0.402500  0.292500  0.695000  0.004975124378109
0.400000  0.300000  0.700000  0.004975124378109
0.397500  0.307500  0.705000  0.004975124378109
0.395000  0.315000  0.710000  0.004975124378109
0.392500  0.322500  0.715000  0.004975124378109
0.390000  0.330000  0.720000  0.004975124378109
0.387500  0.337500  0.725000  0.004975124378109
0.385000  0.345000  0.730000  0.004975124378109
0.382500  0.352500  0.735000  0.004975124378109
0.380000  0.360000  0.740000  0.004975124378109
0.377500  0.367500  0.745000  0.004975124378109
0.375000  0.375000  0.750000  0.004975124378109 ! 
0.367500  0.367500  0.735000  0.004975124378109
0.360000  0.360000  0.720000  0.004975124378109
0.352500  0.352500  0.705000  0.004975124378109
0.345000  0.345000  0.690000  0.004975124378109
0.337500  0.337500  0.675000  0.004975124378109
0.330000  0.330000  0.660000  0.004975124378109
0.322500  0.322500  0.645000  0.004975124378109
0.315000  0.315000  0.630000  0.004975124378109
0.307500  0.307500  0.615000  0.004975124378109
0.300000  0.300000  0.600000  0.004975124378109
0.292500  0.292500  0.585000  0.004975124378109
0.285000  0.285000  0.570000  0.004975124378109
0.277500  0.277500  0.555000  0.004975124378109
0.270000  0.270000  0.540000  0.004975124378109
0.262500  0.262500  0.525000  0.004975124378109
0.255000  0.255000  0.510000  0.004975124378109
0.247500  0.247500  0.495000  0.004975124378109
0.240000  0.240000  0.480000  0.004975124378109
0.232500  0.232500  0.465000  0.004975124378109
0.225000  0.225000  0.450000  0.004975124378109
0.217500  0.217500  0.435000  0.004975124378109
0.210000  0.210000  0.420000  0.004975124378109
0.202500  0.202500  0.405000  0.004975124378109
0.195000  0.195000  0.390000  0.004975124378109
0.187500  0.187500  0.375000  0.004975124378109
0.180000  0.180000  0.360000  0.004975124378109
0.172500  0.172500  0.345000  0.004975124378109
0.165000  0.165000  0.330000  0.004975124378109
0.157500  0.157500  0.315000  0.004975124378109
0.150000  0.150000  0.300000  0.004975124378109
0.142500  0.142500  0.285000  0.004975124378109
0.135000  0.135000  0.270000  0.004975124378109
0.127500  0.127500  0.255000  0.004975124378109
0.120000  0.120000  0.240000  0.004975124378109
0.112500  0.112500  0.225000  0.004975124378109
0.105000  0.105000  0.210000  0.004975124378109
0.097500  0.097500  0.195000  0.004975124378109
0.090000  0.090000  0.180000  0.004975124378109
0.082500  0.082500  0.165000  0.004975124378109
0.075000  0.075000  0.150000  0.004975124378109
0.067500  0.067500  0.135000  0.004975124378109
0.060000  0.060000  0.120000  0.004975124378109
0.052500  0.052500  0.105000  0.004975124378109
0.045000  0.045000  0.090000  0.004975124378109
0.037500  0.037500  0.075000  0.004975124378109
0.030000  0.030000  0.060000  0.004975124378109
0.022500  0.022500  0.045000  0.004975124378109
0.015000  0.015000  0.030000  0.004975124378109
0.007500  0.007500  0.015000  0.004975124378109
0.000000  0.000000  0.000000  0.004975124378109 ! 
